3.629236495263306939e+00
1.211485872004533615e+00
9.961535475583963573e-01
9.264416444245576754e-01
8.819919788193596455e-01
8.396425663262958583e-01
8.158118434650899475e-01
7.970904130417902911e-01
7.701684073709305078e-01
7.490872616414079310e-01
7.315255816258092736e-01
7.208875475732490212e-01
7.112640031317497558e-01
7.115079579317423741e-01
6.981991747966033168e-01
6.931971365214695258e-01
6.833920857446948993e-01
6.710203535799068586e-01
6.641894636375299532e-01
6.473622696408688482e-01
6.387796555285244482e-01
6.255229805203902371e-01
6.192439123621666930e-01
6.094250507539610284e-01
6.133631458696172656e-01
6.046762265234467693e-01
5.952712121125620648e-01
5.863127736525547418e-01
5.839879006339979695e-01
5.765761672395937065e-01
5.707596163594632621e-01
5.817608157037925665e-01
5.783851399106859636e-01
5.668645663149618485e-01
5.722563296513548670e-01
5.640317612947979287e-01
5.547043296618159314e-01
5.488394599470333146e-01
5.519833686058810418e-01
5.466485171854387204e-01
5.397326318315798233e-01
5.393314496175705131e-01
5.337993775675100583e-01
5.311832813395888087e-01
5.286771733389284966e-01
5.314751901170085002e-01
5.236933253391855558e-01
5.194117887814680978e-01
5.183280689406040143e-01
5.130948263065622239e-01
5.182754445868548165e-01
5.116518344061153911e-01
5.093274738751163433e-01
5.119486639895802771e-01
5.063171028034647581e-01
5.089357338813219611e-01
5.035309556083970017e-01
5.011646191295848762e-01
4.992406383138793813e-01
5.008212240495859557e-01
5.002636107476504668e-01
4.972431104066261653e-01
4.940795634542438086e-01
4.923372347214728939e-01
4.905115577368395763e-01
4.916003105498487624e-01
4.887963568912464529e-01
4.883062612565106098e-01
4.909474519857459085e-01
4.939162134424728290e-01
4.913555238433680028e-01
4.851691845537960956e-01
4.798072017606752060e-01
4.799236566434670892e-01
4.766740229974672505e-01
4.824449504949357426e-01
4.796255521301282521e-01
4.794812535041526602e-01
4.815688556266667364e-01
4.814798114721044464e-01
4.747299364497090113e-01
4.759255808097321849e-01
4.721484375003944800e-01
4.722518031609648781e-01
4.799846129223961921e-01
4.753486289202951132e-01
4.680760198619037249e-01
4.759552710441226075e-01
4.679901088121540265e-01
4.723837643136019060e-01
4.695441311606156076e-01
4.646965669630914730e-01
4.658551707910499884e-01
4.656048759869685361e-01
4.613970319934937447e-01
4.651186497346456172e-01
4.677382186640445805e-01
4.612726902430570042e-01
4.620601480257146565e-01
4.624146234025830471e-01
4.579436865032045501e-01
4.583100472362368616e-01
4.545900653947152481e-01
4.525940888122720329e-01
4.548596289423906258e-01
4.527681480359895261e-01
4.510480181254724608e-01
4.540215661486545207e-01
4.622525179619209612e-01
4.545357703501389790e-01
4.479187773129910122e-01
4.481492978661520410e-01
4.432921827388444647e-01
4.568945684652297445e-01
4.602674798625209229e-01
4.506201699452060949e-01
4.504893060817675710e-01
4.480591863495154703e-01
4.423221797633350438e-01
4.410548241980133399e-01
4.429538163511638205e-01
4.393123826513111174e-01
4.354913556151282505e-01
4.374507737724757095e-01
4.386936705077694731e-01
4.410984236639040601e-01
4.360286757819533676e-01
4.324823032271419287e-01
4.342104807040040315e-01
4.330606488450853275e-01
4.333680264494979006e-01
4.319917059623276101e-01
4.351140994596708333e-01
4.328890105548967027e-01
4.308565432999315603e-01
4.332672719236719816e-01
4.286383748558356133e-01
4.302030301962659342e-01
4.239337216621997806e-01
4.262752288151376301e-01
4.291135905433120512e-01
4.268844209909220533e-01
4.222369892739748498e-01
4.218146045819612944e-01
4.206657749886024700e-01
4.201250966543292886e-01
4.206151670099969597e-01
4.180464077770739140e-01
4.168725809552286110e-01
4.208141168316913983e-01
4.162478414488862133e-01
4.184329434642902745e-01
4.247166556094329470e-01
4.151104774461804592e-01
4.156273775799048664e-01
4.128840062261432409e-01
4.165845033572815881e-01
4.130406745220585596e-01
4.099768701906258417e-01
4.122301761922823049e-01
4.102270384566826245e-01
4.091719487808154754e-01
4.090241785933464436e-01
4.060096830863528794e-01
4.073355565188581662e-01
4.039479580817385007e-01
4.124679144185142698e-01
4.031772336646225474e-01
4.043727457455906227e-01
4.032000354838992662e-01
4.060057279078488346e-01
4.028916509898449738e-01
4.014426440930876083e-01
4.072644399904781776e-01
4.016000277949810515e-01
4.005340288835033125e-01
3.991027030284934884e-01
3.973806734256249973e-01
3.958993373438597918e-01
3.960838743865376932e-01
3.973713865904280329e-01
3.979541861627791666e-01
3.981283972191378417e-01
3.986324489027399665e-01
4.035601680583505990e-01
3.953815070146577959e-01
3.918798641216379441e-01
4.000731771116040059e-01
4.020003263963479179e-01
4.015591741166258388e-01
3.912700039637890814e-01
3.987312796993450204e-01
3.956467834671628103e-01
3.949764753413410046e-01
3.926605560934337547e-01
3.930233290565879334e-01
3.918275551143691748e-01
3.933025898889219718e-01
3.918352598064275272e-01
3.912286510875694900e-01
