5.300484097978108267e+00
1.688130865124813473e+00
1.206282128575720147e+00
1.060988494085741252e+00
9.834398736340218550e-01
9.608013431687864037e-01
9.160079432126752019e-01
8.880998200748695393e-01
8.535605910871606472e-01
8.223969041564405114e-01
7.986467139139010740e-01
7.818695314986637834e-01
7.664586307525683706e-01
7.528124716787621962e-01
7.363218043508854560e-01
7.335680938079460756e-01
7.298441076977089104e-01
7.132055951981519648e-01
7.047913658687292582e-01
7.000904698068894927e-01
7.008522055114847493e-01
6.885215942386901933e-01
6.827883476821245967e-01
6.767966034328448677e-01
6.825908531653953615e-01
6.728971691482147355e-01
6.746519115232213482e-01
6.622857413468922205e-01
6.669685019564491890e-01
6.434032451212513548e-01
6.307115003203256354e-01
6.304408292662151414e-01
6.138388891187848140e-01
6.017574733202634141e-01
5.937112274811731094e-01
5.872924841477829005e-01
5.843180738432887100e-01
5.746466749595485757e-01
5.675434122854898789e-01
5.644068329796442240e-01
5.645997185407185537e-01
5.572792388668167396e-01
5.529009478314720338e-01
5.527380241401640415e-01
5.490742136783737237e-01
5.457925898615870741e-01
5.371597894936952500e-01
5.388440904665596776e-01
5.409959787802263165e-01
5.289235899219087988e-01
5.270488336003018581e-01
5.257949819691714044e-01
5.313627663745817964e-01
5.215541296464967225e-01
5.197450063182379454e-01
5.189565553441525259e-01
5.198001674249315140e-01
5.130754017864503913e-01
5.162825149059760976e-01
5.138967607837154894e-01
5.088854655387818893e-01
5.080896164761715683e-01
5.038946611528202224e-01
5.107295627838915886e-01
5.003416361780133048e-01
5.115829321202660651e-01
4.939336252460799770e-01
4.938247195294487302e-01
4.928311027750093554e-01
4.926230427895625374e-01
4.947890024233706496e-01
4.876535083119367675e-01
4.908598885878062146e-01
4.940880374763541583e-01
4.877810042386960809e-01
4.829124092882631780e-01
4.857347651527320620e-01
4.793825534055437543e-01
4.839058367275450578e-01
4.852752540410134596e-01
4.803934030941830469e-01
4.750971311407529707e-01
4.772611746357686702e-01
4.738183952059416004e-01
4.796154114924628953e-01
4.765113190914265218e-01
4.726192839458396855e-01
4.737189688925360631e-01
4.680452507764815695e-01
4.698999172011127379e-01
4.726850206804748544e-01
4.702233766066780118e-01
4.742915968300056018e-01
4.639547254131101695e-01
4.595930082990687948e-01
4.625901834658633915e-01
4.613855360786887072e-01
4.625956431915406730e-01
4.642951035598167353e-01
4.659500977165048075e-01
4.568859469484200519e-01
4.586346908619326479e-01
4.579063015305941953e-01
4.563670700532745372e-01
4.542323535562841630e-01
4.587601617511799512e-01
4.521170583633726259e-01
4.614020766623123104e-01
4.519886516966082901e-01
4.488911811798262930e-01
4.463571357250412652e-01
4.474482945440206305e-01
4.474027701384288291e-01
4.461722539338373039e-01
4.472337862670084374e-01
4.458116277271435002e-01
4.466336430902539401e-01
4.423108662117123391e-01
4.434473956272410589e-01
4.390776426170561741e-01
4.384024720476644155e-01
4.421829435015602328e-01
4.417450488678080212e-01
4.338581695496962487e-01
4.342219487400069688e-01
4.306950459342279713e-01
4.339171022264148303e-01
4.298761230140649703e-01
4.488537025592197471e-01
4.294881465246009888e-01
4.327913702186361178e-01
4.288775780295373541e-01
4.246476026839046680e-01
4.254776518621049552e-01
4.245657994547004099e-01
4.227724573969395827e-01
4.194062008089379789e-01
4.192043424271518215e-01
4.215228696780763396e-01
4.164809928396068228e-01
4.164231474733042782e-01
4.263833614692216778e-01
4.146319972247895502e-01
4.207659435945477755e-01
4.304490999121852179e-01
4.132215386377059985e-01
4.088460791633540259e-01
4.159187710089916612e-01
4.104706451912177312e-01
4.017828976341086267e-01
4.051464475026717027e-01
4.048431147057761637e-01
4.019544993336299221e-01
4.076700034582161902e-01
4.008794890828141222e-01
4.012778481774829098e-01
3.948932460282863488e-01
3.967137521784479537e-01
3.933134451817967281e-01
3.945668890171689092e-01
3.957104280196584445e-01
3.929492054531186773e-01
3.863441201207246101e-01
3.918616698627694905e-01
3.872437065886138452e-01
3.907654083749105833e-01
3.879667819985896937e-01
3.839034176007269927e-01
3.827281726434659248e-01
3.862736413496106747e-01
3.804479326735312195e-01
3.839050360712542576e-01
3.811521882433895336e-01
3.743623323055660368e-01
3.757331626139943093e-01
3.783060375921621921e-01
3.757070048821600228e-01
3.728324583035305673e-01
3.714625166223105568e-01
3.711931820094088730e-01
3.674249559725895065e-01
3.729101857131057463e-01
3.690664993394665028e-01
3.697916145038540048e-01
3.676445347400404406e-01
3.743217366711344418e-01
3.745710010963069214e-01
3.652255854403227975e-01
3.644992963370854988e-01
3.627042736571594039e-01
3.663567147978342708e-01
3.697490648797665536e-01
3.649243276155741400e-01
3.682931506443222758e-01
3.657495560544717916e-01
3.642375028096309086e-01
3.609018974960768178e-01
3.602452341755341680e-01
3.611206691501913091e-01
3.598242151996687288e-01
