5.416480619971450139e+00
1.691637055923508548e+00
1.446983288949036162e+00
1.336044603161997912e+00
1.272954821345646526e+00
1.198091376995213286e+00
1.134604897130395917e+00
1.092233774931782975e+00
1.052803931875470500e+00
1.041002704690480396e+00
1.029558347837011612e+00
9.961811521696281035e-01
9.865522288209032098e-01
9.717657571082114476e-01
9.491501391402066279e-01
9.322790365428037518e-01
9.073586079113180602e-01
8.975636377557069112e-01
8.661758095597373863e-01
8.622925920599379124e-01
8.420587680479376669e-01
8.382687631005451001e-01
8.270662934353775197e-01
8.137709866463461728e-01
8.127058659860479928e-01
8.115373231833703516e-01
7.975861592081501250e-01
7.902983396504756897e-01
7.887854607621757053e-01
7.795888109246902342e-01
7.777386863467812272e-01
7.647763071654685163e-01
7.622795904374142228e-01
7.636347727226232562e-01
7.578126450174723638e-01
7.535049077120203886e-01
7.436482793517826817e-01
7.503856157170905039e-01
7.429220428022834666e-01
7.425900732114607550e-01
7.343241683191452651e-01
7.269314705022004164e-01
7.367511303080976903e-01
7.265634712986965837e-01
7.252613455229546258e-01
7.299359437989312305e-01
7.213402700523743327e-01
7.203803552762347850e-01
7.201749099554904943e-01
7.146608803230930507e-01
7.131198674506429303e-01
7.116085048072157138e-01
7.155534198245405708e-01
7.086455639676584317e-01
7.045951165314590092e-01
7.035576188991029545e-01
7.039505844471549700e-01
7.053351854168993240e-01
7.099621862449053689e-01
6.945339221904280880e-01
7.013328070036498607e-01
6.918823149241312143e-01
6.944940045227737668e-01
6.901628667979733400e-01
6.892285115343497193e-01
6.905658232274866082e-01
6.899967711332521958e-01
6.891993120969449604e-01
6.839674216154083553e-01
6.821971920911731324e-01
6.808729684951935202e-01
6.813897206344237123e-01
6.736853745499354895e-01
6.755076422811353565e-01
6.719309664304737861e-01
6.850307878525647709e-01
6.745554925202509322e-01
6.722864850448290186e-01
6.674032927115065572e-01
6.655105176227397168e-01
6.631808385965903829e-01
6.678382710544744638e-01
6.648605754148732006e-01
6.566938755735426403e-01
6.504249756100105584e-01
6.721404620785284001e-01
6.745863649644219251e-01
6.600058699276489804e-01
6.504922946122616567e-01
6.490397660865835361e-01
6.500021575197877377e-01
6.440622775637273589e-01
6.379258055455255816e-01
6.498918912234746825e-01
6.393338147651282943e-01
6.404988404345743902e-01
6.359159541412295891e-01
6.269617840467522907e-01
6.297666875119007912e-01
6.317887727123087105e-01
6.255804884691432699e-01
6.249464942522511279e-01
6.181154772496365579e-01
6.202813596687710707e-01
6.173109636711582304e-01
6.178250307768784477e-01
6.158490333935826566e-01
6.209451632446481018e-01
6.106961613616201934e-01
6.135984932048549334e-01
6.291190655111218444e-01
6.127748691879884024e-01
6.180154159734421171e-01
6.109086456475895099e-01
6.067308682327009484e-01
6.116093039004424359e-01
6.050522207902038208e-01
6.043038412787120617e-01
6.083577502768640066e-01
6.080352710945570172e-01
6.071215436962080769e-01
5.954721917771385042e-01
6.043543414825139903e-01
5.956649860891438664e-01
6.010700103858802601e-01
5.947370394165996110e-01
5.973888797242375981e-01
5.970761123410784910e-01
5.915698362083291473e-01
5.915934033687608729e-01
5.931370326477328758e-01
5.941632509665099038e-01
5.886950787970145482e-01
5.928745537036262947e-01
5.947242216673324089e-01
5.928393056140932593e-01
5.885675989400270813e-01
5.918443156417219075e-01
5.861389827022160937e-01
5.869613466162382220e-01
5.840376784564037527e-01
5.832594532322716852e-01
5.889162742777697135e-01
5.798636299384924975e-01
5.825943863769693642e-01
5.836374764956294703e-01
5.905546949872535478e-01
5.876350415585246401e-01
5.839819641964566488e-01
5.823005776785855625e-01
5.835189404862977103e-01
5.810710846566805587e-01
5.794681241090853252e-01
5.869734485321821404e-01
5.778518985982170619e-01
5.776824285143972171e-01
5.785855925449744364e-01
5.722411274752248200e-01
5.740054931306844965e-01
5.736827775734676393e-01
5.743274709465628902e-01
5.752773757652961395e-01
5.745432227474555065e-01
5.717036911814334932e-01
5.757418786821016932e-01
5.724162078169878765e-01
5.690013944819334313e-01
5.707485317418453663e-01
5.717377754840953230e-01
5.698563559327383121e-01
5.670746443023575445e-01
5.690916460095127860e-01
5.737930204908886500e-01
5.724692732963172492e-01
5.669171103335292061e-01
5.714824012109838147e-01
5.667983821903738173e-01
5.726755034484194429e-01
5.685037402121955186e-01
5.645274802999861175e-01
5.649350498966172474e-01
5.695456278978485720e-01
5.719182118244533486e-01
5.670873667615421443e-01
5.664913516403488059e-01
5.656106473775623922e-01
5.603169912091041649e-01
5.644375436358123332e-01
5.685684867722093916e-01
5.623387690945189643e-01
5.673437232276481446e-01
5.638195336766450572e-01
5.618337604052786594e-01
5.627283800053012319e-01
5.623727437619233660e-01
5.662565453799541793e-01
5.586131785880390499e-01
5.605400727603638833e-01
5.622452893507968730e-01
5.614794244310136184e-01
